4000000 8.7657974772832565e-14
8000000 1.1185239753120723e-10
12000000 9.3391323880051997e-10
16000000 2.3757314151503089e-09
20000000 3.856307339083371e-09
24000000 5.0647650774138637e-09
28000000 5.9366135400606876e-09
32000000 6.5102927148418816e-09
36000000 6.8499544712252623e-09
40000000 7.0162102336160243e-09
43659969 7.05837364614783e-09
43660469 7.0583737010917744e-09
43660969 7.0583737546434953e-09
43661469 7.0583738068030513e-09
43661969 7.0583738575705037e-09
43662469 7.0583739069459352e-09
43662969 7.0583739549293656e-09
43663469 7.0583740015209042e-09
43663969 7.0583740467205973e-09
43664469 7.0583740905284962e-09
43664969 7.0583741329446843e-09
43665469 7.0583741739692204e-09
43665969 7.0583742136021559e-09
43666469 7.0583742518435709e-09
43666969 7.058374288693516e-09
43667469 7.0583743241520423e-09
43667969 7.0583743582192558e-09
43668469 7.058374390895178e-09
43668969 7.0583744221798998e-09
43669469 7.058374452073466e-09
43669969 7.0583744805759444e-09
43670469 7.058374507687401e-09
43670969 7.0583745334078989e-09
43671469 7.0583745577375108e-09
43671969 7.0583745806762806e-09
43672469 7.0583746022242851e-09
43672969 7.0583746223815798e-09
43673469 7.0583746411482399e-09
43673969 7.0583746585243193e-09
43674469 7.0583746745098882e-09
43674969 7.0583746891050054e-09
43675469 7.0583747023097196e-09
43675969 7.0583747141241327e-09
43676469 7.0583747245482669e-09
43676969 7.0583747335822133e-09
43677469 7.0583747412260148e-09
43677969 7.058374747479755e-09
43678469 7.0583747523434876e-09
43678969 7.0583747558172607e-09
43679469 7.0583747579011769e-09
43679909 7.0583747585853379e-09
43679910 7.0583747585856638e-09
43679911 7.0583747585859964e-09
43679912 7.058374758586309e-09
43679913 7.0583747585866267e-09
43679914 7.0583747585869261e-09
43679915 7.0583747585872256e-09
43679916 7.0583747585875316e-09
43679917 7.0583747585878112e-09
43679918 7.0583747585881007e-09
43679919 7.0583747585883853e-09
43679920 7.0583747585886607e-09
43679921 7.0583747585889213e-09
43679922 7.058374758589181e-09
43679923 7.0583747585894399e-09
43679924 7.0583747585896881e-09
43679925 7.0583747585899429e-09
43679926 7.0583747585901811e-09
43679927 7.0583747585904127e-09
43679928 7.0583747585906501e-09
43679929 7.0583747585908709e-09
43679930 7.0583747585910902e-09
43679931 7.0583747585912961e-09
43679932 7.0583747585915087e-09
43679933 7.0583747585917031e-09
43679934 7.0583747585919074e-09
43679935 7.058374758592101e-09
43679936 7.0583747585922755e-09
43679937 7.0583747585924641e-09
43679938 7.0583747585926362e-09
43679939 7.0583747585927991e-09
43679940 7.0583747585929645e-09
43679941 7.0583747585931184e-09
43679942 7.0583747585932607e-09
43679943 7.0583747585934137e-09
43679944 7.0583747585935601e-09
43679945 7.0583747585936925e-09
43679946 7.0583747585938298e-09
43679947 7.058374758593939e-09
43679948 7.0583747585940556e-09
43679949 7.0583747585941664e-09
43679950 7.0583747585942839e-09
43679951 7.058374758594379e-09
43679952 7.0583747585944766e-09
43679953 7.0583747585945684e-09
43679954 7.058374758594657e-09
43679955 7.0583747585947264e-09
43679956 7.0583747585948083e-09
43679957 7.058374758594877e-09
43679958 7.0583747585949332e-09
43679959 7.0583747585949944e-09
43679960 7.0583747585950408e-09
43679961 7.0583747585950871e-09
43679962 7.0583747585951334e-09
43679963 7.0583747585951574e-09
43679964 7.0583747585951946e-09
43679965 7.0583747585952211e-09
43679966 7.0583747585952343e-09
43679967 7.0583747585952385e-09
43679968 7.05837475859525e-09
43679969 7.058374758595255e-09
43679970 7.0583747585952451e-09
43679971 7.0583747585952393e-09
43679972 7.0583747585952203e-09
43679973 7.0583747585952012e-09
43679974 7.0583747585951789e-09
43679975 7.0583747585951483e-09
43679976 7.0583747585951078e-09
43679977 7.058374758595054e-09
43679978 7.0583747585950077e-09
43679979 7.0583747585949547e-09
43679980 7.0583747585948952e-09
43679981 7.058374758594834e-09
43679982 7.0583747585947562e-09
43679983 7.0583747585946859e-09
43679984 7.0583747585946073e-09
43679985 7.0583747585945147e-09
43679986 7.0583747585944212e-09
43679987 7.0583747585943368e-09
43679988 7.0583747585942227e-09
43679989 7.0583747585941094e-09
43679990 7.058374758593996e-09
43679991 7.0583747585938744e-09
43679992 7.0583747585937421e-09
43679993 7.0583747585936172e-09
43679994 7.0583747585934741e-09
43679995 7.0583747585933285e-09
43679996 7.0583747585931829e-09
43679997 7.0583747585930258e-09
43679998 7.0583747585928603e-09
43679999 7.0583747585927048e-09
43680000 7.0583747585925261e-09
43680001 7.0583747585923533e-09
43680002 7.0583747585921671e-09
43680003 7.0583747585919794e-09
43680004 7.0583747585917949e-09
43680005 7.0583747585915997e-09
43680006 7.0583747585913912e-09
43680007 7.0583747585911778e-09
43680008 7.0583747585909595e-09
43680009 7.0583747585907469e-09
43680010 7.0583747585905144e-09
43680011 7.058374758590277e-09
43680012 7.0583747585900372e-09
43680013 7.0583747585897956e-09
43680014 7.0583747585895516e-09
43680015 7.0583747585892968e-09
43680016 7.0583747585890313e-09
43680017 7.0583747585887674e-09
43680018 7.058374758588511e-09
43680019 7.0583747585882198e-09
43680020 7.0583747585879369e-09
43680021 7.058374758587654e-09
43680022 7.0583747585873678e-09
43680023 7.0583747585870585e-09
43680024 7.0583747585867582e-09
43680025 7.0583747585864464e-09
43680026 7.058374758586132e-09
43680027 7.0583747585858094e-09
43680028 7.0583747585854744e-09
43680029 7.0583747585851452e-09
43680469 7.058374757899587e-09
43680969 7.0583747558142266e-09
43681469 7.0583747523392334e-09
43681969 7.0583747474746852e-09
43682469 7.0583747412206116e-09
43682969 7.0583747335771368e-09
43683469 7.0583747245442791e-09
43683969 7.0583747141221003e-09
43684469 7.0583747023106725e-09
43684969 7.0583746891100661e-09
43685469 7.0583746745203297e-09
43685969 7.0583746585415503e-09
43686469 7.0583746411737551e-09
43686969 7.0583746224170592e-09
43687469 7.058374602271479e-09
43687969 7.05837458073708e-09
43688469 7.0583745578139489e-09
43688969 7.0583745335021644e-09
43689469 7.0583745078017472e-09
43689969 7.05837448071277e-09
43690469 7.058374452235313e-09
43690969 7.0583744223694367e-09
43691469 7.0583743911151915e-09
43691969 7.0583743584726493e-09
43692469 7.0583743244418765e-09
43692969 7.0583742890229357e-09
43693469 7.0583742522158783e-09
43693969 7.0583742140207788e-09
43694469 7.0583741744376967e-09
43694969 7.0583741334666898e-09
43695469 7.058374091107841e-09
43695969 7.0583740473611991e-09
43696469 7.058374002226821e-09
43696969 7.0583739557047854e-09
43697469 7.0583739077951486e-09
43697969 7.0583738584979609e-09
43698469 7.0583738078133076e-09
43698969 7.0583737557412524e-09
43699469 7.05837370228184e-09
43699969 7.0583736474351224e-09
44000000 7.0580928328114252e-09
48000000 7.012770105440314e-09
52000000 6.9075343595259304e-09
56000000 6.7620868675106046e-09
60000000 6.5905055830537026e-09
