| p | accepted | MFPT | mode | mode/MFPT (mean of ratios) | ⟨mode⟩/⟨MFPT⟩ | CV | MFPT factor | mode factor | homogenised D₀/D_eff |
|---|---|---|---|---|---|---|---|---|---|
| 0 | – | 14 100.8 | 2 493 | 0.1768 | 0.1768 | 0.918 | 1 | 1 | 1 |
| 0.02 | 0.995 | 14 711 ± 118 | 2 606 ± 6 | 0.1778 ± 0.0008 | 0.1771 [0.1761–0.1781] | 0.918 | 1.043 ± 0.008 | 1.045 ± 0.002 | 1.045 |
| 0.04 | 0.998 | 15 540 ± 208 | 2 736 ± 9 | 0.1777 ± 0.0013 | 0.1760 [0.1742–0.1777] | 0.918 | 1.102 ± 0.015 | 1.097 ± 0.004 | 1.096 |
| 0.06 | 0.990 | 16 484 ± 254 | 2 889 ± 13 | 0.1777 ± 0.0016 | 0.1753 [0.1733–0.1772] | 0.918 | 1.169 ± 0.018 | 1.159 ± 0.005 | 1.152 |
| 0.08 | 0.971 | 17 074 ± 285 | 3 035 ± 14 | 0.1806 ± 0.0017 | 0.1778 [0.1755–0.1799] | 0.916 | 1.211 ± 0.020 | 1.218 ± 0.006 | 1.216 |
| 0.10 | 0.983 | 18 332 ± 372 | 3 226 ± 19 | 0.1801 ± 0.0021 | 0.1760 [0.1732–0.1786] | 0.917 | 1.300 ± 0.026 | 1.294 ± 0.008 | 1.289 |
| 0.12 | 0.952 | 19 977 ± 467 | 3 463 ± 23 | 0.1789 ± 0.0024 | 0.1733 [0.1702–0.1764] | 0.917 | 1.417 ± 0.033 | 1.389 ± 0.009 | 1.372 |
| 0.14 | 0.943 | 20 968 ± 478 | 3 710 ± 26 | 0.1826 ± 0.0025 | 0.1769 [0.1739–0.1800] | 0.915 | 1.487 ± 0.034 | 1.488 ± 0.010 | 1.469 |
| 0.16 | 0.905 | 22 066 ± 531 | 3 992 ± 31 | 0.1872 ± 0.0027 | 0.1809 [0.1777–0.1842] | 0.913 | 1.565 ± 0.038 | 1.601 ± 0.013 | 1.583 |
| 0.18 | 0.875 | 23 956 ± 594 | 4 343 ± 37 | 0.1881 ± 0.0030 | 0.1813 [0.1777–0.1848] | 0.913 | 1.699 ± 0.042 | 1.742 ± 0.015 | 1.719 |
| 0.20 | 0.849 | 25 946 ± 674 | 4 779 ± 47 | 0.1918 ± 0.0032 | 0.1842 [0.1806–0.1878] | 0.911 | 1.840 ± 0.048 | 1.917 ± 0.019 | 1.877 |
| 0.25 | 0.694 | 32 702 ± 933 | 6 307 ± 94 | 0.2022 ± 0.0041 | 0.1929 [0.1885–0.1974] | 0.906 | 2.319 ± 0.066 | 2.530 ± 0.038 | 2.489 |
| 0.30 | 0.496 | 42 981 ± 1 278 | 9 215 ± 232 | 0.2245 ± 0.0056 | 0.2144 [0.2082–0.2207] | 0.895 | 3.048 ± 0.091 | 3.696 ± 0.093 | 3.739 |
| 0.35 | 0.241 | 59 671 ± 1 918 | 14 430 ± 513 | 0.2497 ± 0.0067 | 0.2418 [0.2345–0.2492] | 0.882 | 4.232 ± 0.136 | 5.788 ± 0.206 | 7.564 |

| p | accepted | MFPT | mode | mode/MFPT (mean of ratios) | ⟨mode⟩/⟨MFPT⟩ | CV | MFPT factor | mode factor | homogenised D₀/D_eff |
|---|---|---|---|---|---|---|---|---|---|
| 0 | – | 14 100.8 | 2 493 | 0.1768 | 0.1768 | 0.918 | 1 | 1 | 1 |
| 0.02 | 1.000 | 14 475 ± 50 | 2 597 ± 3 | 0.1795 ± 0.0004 | 0.1794 [0.1789–0.1799] | 0.917 | 1.027 ± 0.004 | 1.042 ± 0.001 | 1.045 |
| 0.04 | 1.000 | 14 944 ± 101 | 2 708 ± 5 | 0.1817 ± 0.0008 | 0.1812 [0.1803–0.1821] | 0.915 | 1.060 ± 0.007 | 1.086 ± 0.002 | 1.096 |
| 0.06 | 1.000 | 15 409 ± 125 | 2 839 ± 7 | 0.1850 ± 0.0010 | 0.1842 [0.1831–0.1853] | 0.914 | 1.093 ± 0.009 | 1.139 ± 0.003 | 1.152 |
| 0.08 | 0.998 | 16 054 ± 178 | 2 984 ± 9 | 0.1873 ± 0.0013 | 0.1859 [0.1842–0.1875] | 0.912 | 1.139 ± 0.013 | 1.197 ± 0.004 | 1.216 |
| 0.10 | 0.998 | 16 720 ± 207 | 3 149 ± 11 | 0.1901 ± 0.0014 | 0.1883 [0.1865–0.1901] | 0.911 | 1.186 ± 0.015 | 1.263 ± 0.005 | 1.289 |
| 0.12 | 1.000 | 17 418 ± 241 | 3 343 ± 16 | 0.1941 ± 0.0016 | 0.1919 [0.1900–0.1939] | 0.909 | 1.235 ± 0.017 | 1.341 ± 0.006 | 1.372 |
| 0.14 | 0.990 | 18 315 ± 263 | 3 584 ± 20 | 0.1982 ± 0.0019 | 0.1957 [0.1935–0.1979] | 0.906 | 1.299 ± 0.019 | 1.438 ± 0.008 | 1.469 |
| 0.16 | 0.988 | 19 534 ± 350 | 3 830 ± 22 | 0.1999 ± 0.0023 | 0.1961 [0.1931–0.1989] | 0.906 | 1.385 ± 0.025 | 1.536 ± 0.009 | 1.583 |
| 0.18 | 0.993 | 20 483 ± 401 | 4 144 ± 30 | 0.2065 ± 0.0024 | 0.2023 [0.1991–0.2054] | 0.902 | 1.453 ± 0.028 | 1.662 ± 0.012 | 1.719 |
| 0.20 | 0.980 | 22 722 ± 477 | 4 554 ± 40 | 0.2060 ± 0.0030 | 0.2004 [0.1971–0.2038] | 0.903 | 1.611 ± 0.034 | 1.827 ± 0.016 | 1.877 |
| 0.25 | 0.952 | 28 377 ± 780 | 6 067 ± 95 | 0.2222 ± 0.0041 | 0.2138 [0.2086–0.2189] | 0.894 | 2.012 ± 0.055 | 2.434 ± 0.038 | 2.489 |
| 0.30 | 0.802 | 40 109 ± 1 325 | 9 112 ± 252 | 0.2385 ± 0.0058 | 0.2272 [0.2206–0.2338] | 0.887 | 2.844 ± 0.094 | 3.655 ± 0.101 | 3.739 |
| 0.35 | 0.488 | 57 148 ± 2 113 | 14 049 ± 513 | 0.2575 ± 0.0071 | 0.2458 [0.2382–0.2535] | 0.878 | 4.053 ± 0.150 | 5.635 ± 0.206 | 7.564 |

| p | n/N² (uniform) | [G_aa−G_sa] factor (uniform) | n/N² (corner-thinned pl.) | [G_aa−G_sa] factor (corner-thinned pl.) | homogenised P∞ | homogenised σ₀/σ |
|---|---|---|---|---|---|---|
| 0.02 | 0.9796 | 1.065 | 0.9796 | 1.048 | 0.9800 | 1.066 |
| 0.06 | 0.9396 | 1.244 | 0.9395 | 1.163 | 0.9400 | 1.226 |
| 0.10 | 0.9002 | 1.444 | 0.9002 | 1.317 | 0.8999 | 1.433 |
| 0.14 | 0.8588 | 1.732 | 0.8587 | 1.512 | 0.8596 | 1.709 |
| 0.20 | 0.7966 | 2.310 | 0.7969 | 2.022 | 0.7983 | 2.351 |
| 0.25 | 0.7411 | 3.130 | 0.7400 | 2.720 | 0.7453 | 3.340 |
| 0.30 | 0.6764 | 4.508 | 0.6753 | 4.213 | 0.6878 | 5.436 |
| 0.35 | 0.5862 | 7.215 | 0.5768 | 7.028 | 0.6166 | 12.267 |

| p | σ/σ₀ (L = 192 torus) | P∞ | D_eff/D₀ = σ/(σ₀P∞) | 1 − (π−1)p | time factor D₀/D_eff |
|---|---|---|---|---|---|
| 0.01 | 0.9687 ± 0.0001 | 0.9900 | 0.9785 | 0.9786 | 1.022 |
| 0.02 | 0.9378 ± 0.0002 | 0.9800 | 0.9569 | 0.9572 | 1.045 |
| 0.04 | 0.8761 ± 0.0003 | 0.9600 | 0.9126 | 0.9143 | 1.096 |
| 0.06 | 0.8160 ± 0.0004 | 0.9400 | 0.8681 | 0.8715 | 1.152 |
| 0.08 | 0.7568 ± 0.0006 | 0.9200 | 0.8227 | 0.8287 | 1.216 |
| 0.10 | 0.6981 ± 0.0009 | 0.8999 | 0.7757 | 0.7858 | 1.289 |
| 0.12 | 0.6412 ± 0.0011 | 0.8798 | 0.7288 | 0.7430 | 1.372 |
| 0.14 | 0.5852 ± 0.0011 | 0.8596 | 0.6808 | 0.7002 | 1.469 |
| 0.16 | 0.5302 ± 0.0015 | 0.8393 | 0.6317 | 0.6573 | 1.583 |
| 0.18 | 0.4764 ± 0.0013 | 0.8190 | 0.5817 | 0.6145 | 1.719 |
| 0.20 | 0.4253 ± 0.0015 | 0.7983 | 0.5328 | 0.5717 | 1.877 |
| 0.25 | 0.2994 ± 0.0022 | 0.7453 | 0.4017 | 0.4646 | 2.489 |
| 0.30 | 0.1840 ± 0.0024 | 0.6878 | 0.2675 | 0.3575 | 3.739 |
| 0.35 | 0.0815 ± 0.0023 | 0.6166 | 0.1322 | 0.2504 | 7.564 |
| 0.38 | 0.0332 ± 0.0032 | 0.5555 | 0.0597 | 0.1862 | 16.748 |

| L | (1 − σ/σ₀)·L² |
|---|---|
| 8 | 3.064378 |
| 16 | 3.122318 |
| 32 | 3.136774 |
| 64 | 3.140388 |
| 128 | 3.141291 |
| 256 | 3.141517 |

| geometry | blocked sites | n | MFPT | mode | mode/MFPT | MFPT factor | mode factor | CV | median/MFPT |
|---|---|---|---|---|---|---|---|---|---|
| `clean` | 0 | 1225 | 14 100.8 | 2 493 | 0.1768 | 1.000 | 1.000 | 0.918 | 0.719 |
| `wall_mid_gap_centre_g1` | 34 | 1191 | 24 822.5 | 7 826 | 0.3153 | 1.760 | 3.139 | 0.855 | 0.752 |
| `wall_mid_gap_centre_g3` | 32 | 1193 | 19 366.8 | 5 711 | 0.2949 | 1.373 | 2.291 | 0.866 | 0.745 |
| `wall_mid_gap_centre_g9` | 26 | 1199 | 16 363.7 | 3 996 | 0.2442 | 1.160 | 1.603 | 0.891 | 0.732 |
| `wall_mid_gap_startedge_g3` | 32 | 1193 | 24 599.2 | 6 166 | 0.2507 | 1.745 | 2.473 | 0.889 | 0.736 |
| `wall_mid_gap_targetedge_g3` | 32 | 1193 | 21 117.2 | 6 921 | 0.3277 | 1.498 | 2.776 | 0.839 | 0.762 |
| `wall_nearstart_gap_centre_g3` | 32 | 1193 | 15 306.9 | 4 665 | 0.3048 | 1.086 | 1.871 | 0.850 | 0.749 |
| `wall_neartarget_gap_centre_g3` | 32 | 1193 | 32 212.4 | 4 341 | 0.1348 | 2.284 | 1.741 | 0.949 | 0.710 |
| `serpentine_k1_g3` | 32 | 1193 | 21 343.1 | 6 750 | 0.3163 | 1.514 | 2.708 | 0.847 | 0.758 |
| `serpentine_k2_g3` | 64 | 1161 | 43 869.9 | 14 302 | 0.3260 | 3.111 | 5.737 | 0.826 | 0.755 |
| `serpentine_k3_g3` | 96 | 1129 | 49 880.9 | 16 886 | 0.3385 | 3.537 | 6.773 | 0.820 | 0.757 |
| `serpentine_k4_g3` | 128 | 1097 | 93 318.3 | 30 424 | 0.3260 | 6.618 | 12.204 | 0.823 | 0.755 |
| `serpentine_k6_g3` | 192 | 1033 | 165 747.9 | 54 165 | 0.3268 | 11.754 | 21.727 | 0.822 | 0.756 |
| `target_box_R3_g1` | 6 | 1219 | 30 307.9 | 3 029 | 0.0999 | 2.149 | 1.215 | 0.960 | 0.706 |
| `start_box_R3_g1` | 6 | 1219 | 14 125.0 | 2 610 | 0.1848 | 1.002 | 1.047 | 0.911 | 0.722 |
| `target_box_R5_g1` | 10 | 1215 | 32 882.3 | 3 040 | 0.0925 | 2.332 | 1.219 | 0.963 | 0.705 |
| `start_box_R5_g1` | 10 | 1215 | 14 354.9 | 3 112 | 0.2168 | 1.018 | 1.248 | 0.895 | 0.728 |
| `target_box_R8_g1` | 16 | 1209 | 35 239.3 | 3 188 | 0.0905 | 2.499 | 1.279 | 0.962 | 0.705 |
| `start_box_R8_g1` | 16 | 1209 | 15 101.7 | 4 444 | 0.2943 | 1.071 | 1.783 | 0.855 | 0.745 |
| `target_box_R5_g3` | 8 | 1217 | 22 256.5 | 2 782 | 0.1250 | 1.578 | 1.116 | 0.946 | 0.710 |
| `start_box_R5_g3` | 8 | 1217 | 14 166.5 | 2 740 | 0.1934 | 1.005 | 1.099 | 0.907 | 0.723 |
| `both_box_R5_g1` | 20 | 1205 | 33 014.3 | 3 799 | 0.1151 | 2.341 | 1.524 | 0.951 | 0.709 |
| `block6_near_target` | 36 | 1189 | 17 302.6 | 2 536 | 0.1466 | 1.227 | 1.017 | 0.934 | 0.714 |
| `block6_centre` | 36 | 1189 | 13 951.0 | 2 674 | 0.1917 | 0.989 | 1.073 | 0.910 | 0.722 |
| `block6_near_start` | 36 | 1189 | 13 689.9 | 2 498 | 0.1825 | 0.971 | 1.002 | 0.913 | 0.721 |
| `block12_centre` | 144 | 1081 | 13 458.9 | 3 074 | 0.2284 | 0.954 | 1.233 | 0.890 | 0.730 |
| `periodic_a4` | 81 | 1144 | 16 422.8 | 2 863 | 0.1743 | 1.165 | 1.148 | 0.920 | 0.719 |
| `periodic_a3` | 121 | 1104 | 15 272.7 | 2 945 | 0.1928 | 1.083 | 1.181 | 0.909 | 0.723 |
| `periodic_a2` | 289 | 936 | 17 588.7 | 3 494 | 0.1987 | 1.247 | 1.402 | 0.905 | 0.724 |

| region | M | accepted | MFPT factor | mode factor | mode/MFPT | fraction of placements with MFPT below clean |
|---|---|---|---|---|---|---|
| anywhere | 10 | 1.000 | 1.0157 ± 0.0065 | 1.0178 ± 0.0018 | 0.1774 ± 0.0007 | 0.255 |
| anywhere | 20 | 1.000 | 1.0330 ± 0.0103 | 1.0356 ± 0.0028 | 0.1778 ± 0.0010 | 0.205 |
| anywhere | 30 | 0.995 | 1.0541 ± 0.0124 | 1.0560 ± 0.0035 | 0.1778 ± 0.0012 | 0.060 |
| anywhere | 40 | 1.000 | 1.0857 ± 0.0168 | 1.0800 ± 0.0046 | 0.1771 ± 0.0016 | 0.030 |
| centre | 10 | 1.000 | 1.0001 ± 0.0002 | 1.0299 ± 0.0006 | 0.1821 ± 0.0001 | 0.545 |
| centre | 20 | 1.000 | 1.0018 ± 0.0004 | 1.0645 ± 0.0013 | 0.1879 ± 0.0002 | 0.275 |
| centre | 30 | 1.000 | 1.0048 ± 0.0006 | 1.1048 ± 0.0021 | 0.1944 ± 0.0003 | 0.090 |
| centre | 40 | 1.000 | 1.0086 ± 0.0008 | 1.1497 ± 0.0031 | 0.2015 ± 0.0004 | 0.035 |
| near_start | 10 | 0.971 | 0.9933 ± 0.0001 | 1.0117 ± 0.0009 | 0.1801 ± 0.0001 | 1.000 |
| near_start | 20 | 0.926 | 0.9893 ± 0.0004 | 1.0487 ± 0.0040 | 0.1874 ± 0.0006 | 0.985 |
| near_start | 30 | 0.851 | 0.9918 ± 0.0019 | 1.1557 ± 0.0181 | 0.2058 ± 0.0027 | 0.855 |
| near_start | 40 | 0.680 | 0.9990 ± 0.0030 | 1.3195 ± 0.0271 | 0.2329 ± 0.0040 | 0.630 |
| near_target | 10 | 1.000 | 1.2388 ± 0.0290 | 1.0556 ± 0.0065 | 0.1530 ± 0.0020 | 0.000 |
| near_target | 20 | 0.948 | 1.6588 ± 0.0572 | 1.1337 ± 0.0090 | 0.1249 ± 0.0024 | 0.000 |
| near_target | 30 | 0.897 | 2.2808 ± 0.0830 | 1.2302 ± 0.0110 | 0.0994 ± 0.0023 | 0.000 |
| near_target | 40 | 0.712 | 3.3668 ± 0.1273 | 1.3566 ± 0.0153 | 0.0752 ± 0.0022 | 0.000 |

| N | clean MFPT | clean mode | clean MFPT/mode − ln N | p | K | MFPT factor | mode factor | mode/MFPT | shift of mode/MFPT vs clean |
|---|---|---|---|---|---|---|---|---|---|
| 15 | 1 983.6 | 414 | 2.0834 | 0.10 | 200 | 1.261 ± 0.034 | 1.294 ± 0.014 | 0.2189 ± 0.0040 | +0.0102 |
| 15 | 1 983.6 | 414 | 2.0834 | 0.20 | 200 | 1.782 ± 0.081 | 1.834 ± 0.041 | 0.2283 ± 0.0071 | +0.0196 |
| 25 | 6 525.2 | 1 228 | 2.0948 | 0.10 | 200 | 1.283 ± 0.034 | 1.300 ± 0.012 | 0.1946 ± 0.0031 | +0.0064 |
| 25 | 6 525.2 | 1 228 | 2.0948 | 0.20 | 200 | 1.890 ± 0.083 | 1.904 ± 0.042 | 0.1996 ± 0.0056 | +0.0114 |
| 35 | 14 100.8 | 2 493 | 2.1008 | 0.10 | 200 | 1.286 ± 0.036 | 1.290 ± 0.011 | 0.1813 ± 0.0029 | +0.0045 |
| 35 | 14 100.8 | 2 493 | 2.1008 | 0.20 | 200 | 1.822 ± 0.066 | 1.909 ± 0.026 | 0.1925 ± 0.0043 | +0.0157 |
| 50 | 31 614.8 | 5 253 | 2.1064 | 0.10 | 200 | 1.317 ± 0.033 | 1.298 ± 0.009 | 0.1670 ± 0.0026 | +0.0009 |
| 50 | 31 614.8 | 5 253 | 2.1064 | 0.20 | 200 | 1.856 ± 0.067 | 1.911 ± 0.022 | 0.1778 ± 0.0039 | +0.0116 |
| 70 | 67 212.4 | 10 570 | 2.1103 | 0.10 | 100 | 1.287 ± 0.045 | 1.289 ± 0.012 | 0.1602 ± 0.0031 | +0.0029 |
| 70 | 67 212.4 | 10 570 | 2.1103 | 0.20 | 100 | 1.899 ± 0.093 | 1.895 ± 0.026 | 0.1625 ± 0.0047 | +0.0052 |
| 100 | 148 520.8 | 22 110 | 2.1122 | 0.10 | 80 | 1.303 ± 0.040 | 1.293 ± 0.011 | 0.1494 ± 0.0029 | +0.0005 |
| 100 | 148 520.8 | 22 110 | 2.1122 | 0.20 | 80 | 1.853 ± 0.085 | 1.879 ± 0.025 | 0.1547 ± 0.0042 | +0.0058 |
| 140 | 312 092.1 | 44 248 | 2.1116 | 0.10 | 40 | 1.317 ± 0.080 | 1.293 ± 0.018 | 0.1421 ± 0.0050 | +0.0003 |
| 140 | 312 092.1 | 44 248 | 2.1116 | 0.20 | 40 | 1.856 ± 0.118 | 1.878 ± 0.031 | 0.1468 ± 0.0057 | +0.0051 |

| N | MFPT | mode | mode/MFPT | MFPT/mode − ln N | CV |
|---|---|---|---|---|---|
| 10 | 752.917 | 172 | 0.2284 | 2.0748 | 0.8869 |
| 15 | 1 983.649 | 414 | 0.2087 | 2.0834 | 0.8992 |
| 20 | 3 892.266 | 765 | 0.1965 | 2.0922 | 0.9066 |
| 25 | 6 525.224 | 1 228 | 0.1882 | 2.0948 | 0.9116 |
| 35 | 14 100.808 | 2 493 | 0.1768 | 2.1008 | 0.9183 |
| 50 | 31 614.798 | 5 253 | 0.1662 | 2.1064 | 0.9244 |
| 70 | 67 212.385 | 10 570 | 0.1573 | 2.1103 | 0.9294 |
| 100 | 148 520.757 | 22 110 | 0.1489 | 2.1122 | 0.9341 |
| 140 | 312 092.124 | 44 248 | 0.1418 | 2.1116 | 0.9379 |
| 200 | 682 335.274 | 92 116 | 0.1350 | 2.1090 | 0.9416 |

| placement | p | open neighbours of target | K | MFPT | mode | mode/MFPT |
|---|---|---|---|---|---|---|
| uniform | 0.10 | 1 | 64 | 22 523 ± 711 | 3 462 ± 35 | 0.1553 ± 0.0033 |
| uniform | 0.10 | 2 | 336 | 17 534 ± 365 | 3 181 ± 18 | 0.1849 ± 0.0020 |
| uniform | 0.20 | 1 | 129 | 29 391 ± 1 082 | 4 978 ± 72 | 0.1740 ± 0.0042 |
| uniform | 0.20 | 2 | 271 | 24 307 ± 783 | 4 684 ± 57 | 0.2003 ± 0.0039 |
| uniform | 0.30 | 1 | 173 | 44 628 ± 1 788 | 9 330 ± 367 | 0.2156 ± 0.0074 |
| uniform | 0.30 | 2 | 227 | 41 726 ± 1 788 | 9 127 ± 301 | 0.2313 ± 0.0081 |
| corner-thinned | 0.10 | 1 | 22 | 21 489 ± 1 120 | 3 413 ± 50 | 0.1600 ± 0.0049 |
| corner-thinned | 0.10 | 2 | 378 | 16 442 ± 174 | 3 134 ± 10 | 0.1918 ± 0.0013 |
| corner-thinned | 0.20 | 1 | 48 | 26 672 ± 1 266 | 4 849 ± 106 | 0.1850 ± 0.0067 |
| corner-thinned | 0.20 | 2 | 352 | 22 183 ± 490 | 4 514 ± 41 | 0.2088 ± 0.0031 |
| corner-thinned | 0.30 | 1 | 58 | 43 357 ± 3 055 | 9 472 ± 694 | 0.2264 ± 0.0147 |
| corner-thinned | 0.30 | 2 | 342 | 39 558 ± 1 458 | 9 051 ± 271 | 0.2405 ± 0.0063 |

N=15: slope MFPT 2.2911  slope mode 2.2268  frac lowering MFPT 0.601  frac lowering mode 0.040  max chi_mfpt 0.4929 max chi_mode 0.1369
N=25: slope MFPT 2.2783  slope mode 2.1973  frac lowering MFPT 0.653  frac lowering mode 0.055  max chi_mfpt 0.4199 max chi_mode 0.1174
N=35: slope MFPT 2.2706  slope mode 2.1833  frac lowering MFPT 0.676  frac lowering mode 0.054  max chi_mfpt 0.3817 max chi_mode 0.1053
